1036	
344	
12	
12	
68	
36	
272	
52	
112	
64	
172	
68	
300	
52	
28	
116	
300	
80	
104	
168	
16	
84	
72	
220	
416	
708	
200	
48	
404	
12	
96	
36	
44	
84	
40	
52	
20	
68	
36	
4	
8	
168	
204	
408	
104	
120	
264	
48	
520	
1036	
344	
12	
12	
68	
36	
272	
52	
112	
64	
172	
68	
300	
52	
28	
116	
300	
80	
104	
168	
16	
84	
72	
220	
416	
708	
200	
48	
404	
12	
96	
36	
44	
84	
40	
52	
20	
68	
36	
4	
8	
168	
204	
408	
104	
120	
264	
48	
520	
1036	
344	
12	
12	
68	
36	
272	
52	
112	
64	
172	
68	
300	
52	
28	
116	
300	
80	
104	
168	
16	
84	
72	
220	
416	
708	
200	
48	
404	
12	
96	
36	
44	
84	
40	
52	
20	
68	
36	
4	
8	
168	
204	
408	
104	
120	
264	
48	
520	
1036	
344	
12	
12	
68	
36	
272	
52	
112	
64	
172	
68	
300	
52	
28	
116	
300	
80	
104	
168	
16	
84	
72	
220	
416	
708	
200	
48	
404	
12	
96	
36	
44	
84	
40	
52	
20	
68	
36	
4	
8	
168	
204	
408	
104	
120	
264	
48	
520	
1036	
344	
12	
12	
68	
36	
272	
52	
112	
64	
172	
68	
300	
52	
28	
116	
300	
80	
104	
168	
16	
84	
72	
220	
416	
708	
200	
48	
404	
12	
96	
36	
44	
84	
40	
52	
20	
68	
36	
4	
8	
168	
204	
408	
104	
120	
264	
48	
520	
